ascending order 
insertion sort time: 0.010278s
input:  1 2 3 4 5 6 7 8 9 10 
output:  1 2 3 4 5 6 7 8 9 10 
merge sort time: 0.193083s
input:  1 2 3 4 5 6 7 8 9 10 
output:  1 2 3 4 5 6 7 8 9 10 
quick sort time: 0.10998s
input:  1 2 3 4 5 6 7 8 9 10 
output:  1 2 3 5 4 9 7 8 6 17 

descending order 
insertion sort time: 1090.07s
input:  1000000 999999 999998 999997 999996 999995 999994 999993 999992 999991 
output:  1 2 3 4 5 6 7 8 9 10 
merge sort time: 0.168305s
input:  1000000 999999 999998 999997 999996 999995 999994 999993 999992 999991 
output:  1 2 3 4 5 6 7 8 9 10 
quick sort time: 0.098142s
input:  1000000 999999 999998 999997 999996 999995 999994 999993 999992 999991 
output:  19 20 18 22 21 23 17 26 25 27 

random order 
insertion sort time: 532.357s
input:  488349 25720 365654 670898 712420 938430 239786 554635 318835 173398 
output:  1 2 3 4 5 6 7 8 9 10 
merge sort time: 0.258753s
input:  488349 25720 365654 670898 712420 938430 239786 554635 318835 173398 
output:  1 2 3 4 5 6 7 8 9 10 
quick sort time: 0.216659s
input:  488349 25720 365654 670898 712420 938430 239786 554635 318835 173398 
output:  1 5 3 2 9 6 10 8 11 4 

